nkern = [], fc = [100, 50] ==> 0.88
nkerns = [(3, (1, 4), (1, 1))], nhiddens=[100, 50], 0.076833
nkerns = [(10, (1, 3), (1, 1))], nhiddens=[100, 40], error = 0.059833

